389
137
365
350
584
652
86
151
542
991
842
849
823
255
364
659
329
134
560
201
867
377
536
360
513
617
47
305
851
49
740
407
59
546
679
474
76
690
27
534
716
950
943
663
964
312
502
143
363
458
982
282
917
940
732
74
482
710
758
228
592
838
372
411
252
67
551
32
68
332
445
817
639
681
924
231
357
522
795
97
21
909
786
366
989
635
418
225
96
771
557
834
709
703
13
545
648
127
439
386
92
694
640
799
987
507
321
556
180
895
268
625
172
848
933
157
347
876
202
326
144
510
519
540
335
706
104
988
405
880
853
937
471
246
398
413
958
569
570
603
505
739
15
443
112
263
945
484
31
882
43
613
910
436
730
939
858
108
650
805
704
432
394
852
392
886
874
208
992
72
348
591
506
276
643
178
475
565
767
887
610
605
863
124
996
371
835
765
265
250
638
247
194
425
586
952
16
871
776
696
790
841
54
18
785
879
873
286
753
485
807
596
666
929
537
154
742
885
19
577
526
893
242
630
296
580
824
683
195
342
862
717
733
491
234
410
968
831
406
403
626
962
314
71
949
284
995
883
634
204
28
523
927
754
62
131
82
197
554
649
957
102
232
179
156
598
486
884
260
111
946
368
472
826
532
105
562
628
762
306
481
205
469
997
651
328
935
161
11
723
207
724
300
313
870
336
743
539
109
521
374
221
738
535
212
477
70
343
133
168
620
42
755
756
147
819
833
623
240
972
827
146
951
583
788
73
320
463
881
589
531
457
325
901
220
88
564
514
746
64
424
719
829
359
832
820
452
262
8
928
117
322
330
680
500
331
971
122
90
601
678
387
345
715
504
494
129
830
697
478
899
908
520
911
417
339
379
770
431
508
737
37
453
420
446
149
768
358
429
53
541
793
218
877
382
219
58
561
744
814
963
46
844
530
499
691
311
721
501
249
185
797
316
986
214
804
900
416
126
559
489
633
903
159
435
390
888
116
51
414
938
29
128
81
427
979
822
728
421
916
39
442
376
517
465
692
686
409
189
654
183
801
745
23
579
3
636
687
661
280
187
370
889
856
774
95
896
447
922
699
103
868
689
974
488
402
454
682
664
136
45
878
708
904
438
449
624
525
644
373
169
961
656
695
480
222
295
298
794
806
196
671
866
736
731
552
777
839
226
828
412
869
1000
547
297
483
632
674
496
163
711
775
918
865
808
451
757
30
7
782
78
840
354
80
512
277
135
408
99
288
811
106
930
9
538
35
646
860
487
953
6
173
608
524
198
581
959
278
902
778
467
437
293
301
210
341
319
309
702
985
121
907
751
415
77
998
978
63
533
216
720
619
66
245
647
590
549
685
789
324
132
688
283
84
236
289
69
668
253
553
430
920
984
764
915
400
578
346
897
773
587
182
747
727
203
404
572
981
818
269
749
905
107
1
969
287
999
423
52
975
380
597
612
254
627
748
223
607
781
593
340
780
585
176
892
582
857
215
186
714
55
123
468
56
493
669
362
94
966
645
433
606
464
637
381
809
845
718
355
942
906
543
600
983
351
455
760
395
38
174
729
847
735
555
170
57
14
257
890
267
621
275
266
237
93
130
815
401
872
855
479
784
611
193
459
854
821
385
741
22
199
948
241
434
40
258
677
894
271
209
291
492
281
356
115
48
100
145
859
142
165
973
495
302
441
676
375
461
118
616
238
594
956
79
34
527
816
941
667
259
294
292
166
615
503
931
772
181
701
947
119
912
766
396
977
750
323
98
490
334
618
369
787
604
248
177
518
511
264
36
944
798
213
388
33
113
976
792
573
337
333
529
138
224
235
12
861
200
188
191
846
384
713
2
993
509
566
26
110
462
184
139
705
473
567
50
791
308
796
913
923
980
75
965
967
167
960
779
700
825
244
101
810
516
665
83
450
44
803
206
171
550
440
614
89
934
891
725
657
190
722
120
239
217
470
5
230
160
140
602
548
60
994
10
338
769
290
162
843
558
65
990
864
576
399
251
932
304
444
155
641
233
655
285
361
497
227
378
631
588
87
353
24
352
315
383
599
274
653
299
4
344
813
642
243
571
426
914
684
658
279
25
662
114
428
675
41
466
707
919
91
261
734
318
673
629
150
528
660
672
85
752
850
921
141
515
955
693
158
164
152
954
875
153
192
544
448
563
273
349
175
568
609
310
726
926
422
419
595
317
498
148
712
574
800
970
476
393
211
936
575
272
397
456
763
925
898
759
836
327
622
270
812
256
761
61
229
698
837
125
783
367
17
303
391
460
670
20
802
307