3582
9573
1524
4281
8880
1550
7513
249
8775
5903
4578
5248
6789
7395
260
5954
8980
6622
869
5284
7094
1661
82
5582
9560
1724
6335
1071
8480
2014
1978
6647
2437
316
8793
102
4365
8045
2849
7758
1793
9678
392
5367
2253
3215
8738
8623
4820
6394
8792
7659
7553
4544
1416
3679
1192
5362
6645
1638
9594
1113
8382
8239
2967
4306
6861
3556
2846
3866
886
8024
3568
5553
2463
7372
355
4830
1838
1406
3394
5247
1773
5054
5442
6523
1371
9086
6815
9991
2397
5910
1685
4241
994
7553
1866
6876
6996
8248
8024
392
7001
7593
3657
2653
5513
3604
1515
1412
1355
2833
2851
2
4680
4705
1629
2338
6337
5311
1009
7934
171
3475
2690
3882
1208
8275
1665
7213
3106
6086
2190
3676
993
2295
4078
4373
2684
626
2712
8245
4716
4702
5033
6758
4331
7255
1559
1113
2636
1286
1091
1004
9876
5408
2791
5432
2213
872
223
5385
4268
2226
1909
3099
5584
69
8756
8365
827
1019
9374
2181
870
6712
7481
8912
2972
8805
484
9412
9472
3864
1319
7284
1547
6466
8920
4878
5149
6420
5162
2277
949
7039
5424
6919
8316
407
784
4698
7915
7714
1874
1271
8525
9459
6695
8051
6478
206
4983
4678
7923
9719
307
2538
5988
9788
7625
9554
3124
3467
1541
5892
1601
8001
7396
6549
391
4113
5428
7791
6959
4589
8200
9585
9636
5155
7448
243
3718
583
836
325
4279
3897
6153
9011
2963
9715
8668
4983
9629
6114
6244
1387
6597
3198
5364
4073
8085
7095
3670
3825
5691
4190
3123
8774
9024
3997
2286
4389
6999
2692
4481
5795
5793
6001
4654
1554
6749
763
3208
4112
7518
1483
4667
1245
9700
9336
8949
8486
172
3405
7016
4755
1683
3481
3544
8473
54
2723
8974
6908
4485
4392
815
1669
4421
2083
4423
3852
2885
4711
2831
627
7785
9356
7758
4590
8770
9492
5371
4370
5198
7848
4608
6729
4299
6724
7626
7231
7383
5307
5421
2013
7476
6424
2836
5408
6615
4179
9543
2916
527
6557
6821
2882
9858
3896
5008
7459
4947
1717
8521
2800
192
8779
7952
7000
4792
961
2813
4845
4842
3944
4301
7499
6824
3592
1140
5782
6523
5541
3729
31
6816
1278
6511
6514
8047
6595
3335
5039
124
2912
2723
1987
166
1290
6190
9827
9453
3108
5751
8869
4962
8526
708
8826
7862
8603
8082
1468
9828
4462
6619
9024
3322
5953
689
3079
4082
5089
7190
1223
6416
8025
5326
4753
5396
8825
7100
4399
3871
9778
8505
2668
6338
1009
6660
6959
1
7558
7219
1974
4647
6497
1431
9227
2627
6200
2686
8309
289
4822
8337
2830
531
6403
7630
2076
6797
2476
6880
111
4577
9519
218
214
1711
3670
531
3422
4718
3501
3754
1911
8472
3393
4891
2117
8735
4327
7450
864
9789
8471
9564
1144
9066
4291
4774
5242
1783
4119
2013
7255
1927
9551
5996
7015
3053
3199
6979
6537
5631
3379
4860
9365
8522
5140
2986
1697
4096
4644
1370
3532
1933
1990
1579
826
3160
13
4778
3245
9972
2639
8022
732
8485
3285
3939
7923
1839
2338
858
7590
3194
3197
3709
6659
979
6701
3575
1267
6828
4929
6546
6685
2868
8169
6803
5320
4337
2596
1952
6906
457
5063
6801
6337
2287
7622
4004
5405
2683
1810
4330
6281
2419
1039
5136
7108
3493
705
7544
6768
1703
6963
1461
4182
2277
1523
4326
9508
4041
2957
9577
949
1497
6066
2577
1019
202
2917
8642
6587
7683
6275
6201
5285
7100
988
7849
3230
8469
9410
4096
4620
9571
9437
3400
7069
2565
7992
1769
4404
5301
8652
7787
210
1769
1574
5514
2061
5225
3672
8802
8175
5900
7753
810
8574
2491
1401
973
4579
6919
5206
6355
8841
2454
8292
5374
1348
1368
8556
2080
5436
9976
6596
3418
4500
1470
4375
4895
235
225
9056
4536
4495
9897
2248
4544
9785
819
3002
3359
8808
9310
1455
2997
909
1523
5660
7628
1921
3937
4132
1695
2767
9894
8410
2473
2321
250
7351
4534
8234
2916
644
1911
2589
6592
8309
6513
697
5257
8754
6548
8834
6304
5395
2889
4300
3454
824
1765
2358
614
4386
2699
7921
867
1970
9853
7692
4193
9803
2226
365
6344
4438
4403
5022
4099
6082
6832
1650
4031
726
6720
387
5407
3269
7525
5417
2508
8029
9454
2600
1337
5948
7286
9735
3300
4639
3577
6776
3273
8552
5079
4825
5185
1995
6129
9622
6663
197
833
5593
4747
3322
3942
6624
7520
2922
3884
7448
8144
5230
4698
8971
1727
5477
8117
260
3916
6
2626
1275
1364
6721
7129
4401
7553
3958
3205
3401
8288
6657
72
8657
2624
3505
7707
4060
5878
5924
6722
7774
5662
1713
3390
7395
7148
7665
7197
4460
8544
2650
8460
5127
5111
1770
9180
9882
750
6332
6002
6123
6210
1802
1016
2607
7875
1040
6114
3677
8407
808
475
190
5210
6520
78
948
1859
3380
2528
7284
610
1825
2730
9057
7926
4039
5396
6359
5339
7409
2237
4400
7664
6229
5943
1926
5239
3834
9584
5238
9765
1243
2475
4333
6393
3991
7420
1426
745
2866
5187
751
3400
5996
560
3838
3781
892
7653
4124
6684
9193
2841
9900
2847
9828
7992
3723
1840
5189
5384
4891
3285
848
4710
4382
9486
8228
4751
9713
7074
7328
7691
5714
9909
770
4611
8560
4375
4893
2995
2334
358
6775
2315
8211
1171
7197
7487
7681
8834
739
1278
5167
6939
3771
9728
501
9549
192
2969
3940
4594
8961
4666
9168
4574
373
5527
4108
561
5007
2498
8336
5948
8559
7142
1816
4656
6994
8640
7068
8802
2584
4584
5432
3914
144
6030
9559
795
3746
8414
1857
253
6920
6582
5294
8006
2650
5999
5285
9031
6293
6758
9638
962
4439
4351
9953
1786
5193
6831
8849
3283
6889
3048
2968
2632
3
4770
7639
9259
7836
3204
7338
1254
4315
1313
2863
7377
3845
1087
3425
1373
6275
1156
9781
3261
5761
6249
2704
7684
7813
8848
5795
3225
3258
8306
5460
5831
5737
4193
9946
5729
4099
892
5573
4499
189
4177
5559
6979
1481
8636
7907
6630
2509
8558
7793
8991
5010
713
7386
2995
4842
4647
3110
9704
3807
5883
1280
2876
3940
9967
867
8865
5211
9420
4404
9542
899
4856
9611
8081
5274
5002
9790
3528
7767
8969
4124
8111
1869
4946
5524
7067
813
6665
4351
4725
4955
4934
352
1946
6618
3120
6711
4800
2983
5864
3276
4755
9871
1980
5150
846
606
2636
5304
9717
1013
3225
3132
1886
8999
5737
4000
8208
7504
7816
5506
4179
7155
7240
5528
1799
6382
9417
7784
5297
1932
2931
1041
4304
5127
4464
2181
2718
967
5815
3331
3522
9516
675
21
562
8660
3186
3971
2709
8841
4473
3777
886
42
5125
3596
5301
2884
8220
8557
5912
3533
7266
9735
7503
6941
4279
8515
6165
9322
5390
9925
2706
1342
3737
8922
4893
9175
4448
9489
7295
3323
704
67
4259
6469
384
5040
7945
7712
2670
4455
4474
3935
2328
3442
2517
5031
4103
428
9368
6682
870
6000
6555
1825
7392
1919
3382
7653
9319
2941
8578
6762
3969
617
2877
888
4845
7895
8135
3223
3940
4044
634
7078
2954
7590
6086
2360
4499
2581
6138
6764
2338
1113
7807
4744
9069
4489
8654
3362
3004
9261
1346
4442
2897
6953
4504
9574
9233
6839
9747
1723
3152
2304
2908
9382
5435
2646
8534
1989
7055
5249
6079
3396
7943
420
9667
3143
882
2011
3323
3841
8835
7076
210
3583
7458
1335
8200
4132
2848
7187
5520
5890
6567
2118
6788
4434
3872
8120
344
8784
3279
7989
7628
3062
5816
9477
9963
2035
8501
7162
7696
1671
9247
3909
5624
2526
6761
501
9282
7782
6829
3182
4611
2111
1006
8626
1287
7359
4748
5422
5650
8766
4038
6148
5924
1141
1434
2352
7674
2494
9656
6617
5073
7495
7525
2102
6774
1033
9115
7642
8137
4112
3773
8621
3552
9782
5367
8137
6552
9184
3188
6702
7414
484
8410
2050
8027
8693
4945
4745
6485
8718
6705
2284
8083
7479
3208
7833
3441
2854
650
3591
5665
3893
6467
8932
683
8939
5096
3550
731
4666
9324
1466
2232
8613
366
660
1205
5644
8527
4067
9073
3637
9522
9016
9769
7833
4749
8035
1213
2104
1755
7202
7855
1785
147
1000
6567
66
1796
1637
6276
8097
2695
5527
4126
3237
2982
3693
4919
9228
7243
6420
5583
2905
3521
624
3143
1073
295
1480
9997
8259
2883
4815
4406
2866
227
923
3290
4256
4974
483
4424
6344
7577
2457
6058
9592
4134
9154
8580
8586
8151
4990
5558
269
8816
5897
4417
292
3019
5869
6022
9563
1812
1729
9194
9042
2724
7633
806
3656
7868
3243
6410
5284
3767
5348
1393
9714
8898
8246
304
8393
1160
8999
3225
373
1813
4806
6588
566
8220
4500
4428
3157
4884
76
3711
5293
1933
4448
287
7677
1056
7602
9343
8873
9109
6620
1319
2792
1550
6077
7792
6878
1665
9601
3403
9302
771
7419
2235
9323
3087
9889
5219
915
2389
9508
6250
2153
9840
8363
8987
9493
4496
1547
7737
8090
6534
6373
9376
3901
8734
5964
7495
45
454
9857
2673
1602
8125
9357
4658
1958
4711
8858
8175
251
7933
8879
4750
2600
1969
3510
3981
6531
8415
9307
2542
9692
9327
5011
7488
5780
2358
8470
1321
6633
9052
7195
1151
9647
4217
4543
3894
2892
3465
4434
2755
1440
63
734
8223
4254
389
9780
2024
8556
737
2789
4881
2131
1715
1834
8154
4659
1898
9584
6218
8471
3143
6291
4936
1360
1418
6262
8234
3632
9912
7468
9796
5446
9886
1399
8194
2337
7599
2779
993
9618
8777
3997
8231
3171
7686
6013
5443
749
8879
3501
1295
619
6970
2557
6466
8265
4132
2805
9682
744
985
7902
1846
33
4352
3741
9530
1571
2308
4477
7307
4075
3949
376
723
7247
670
1650
3903
2919
1959
82
5931
5016
5818
5229
2831
3918
9194
7776
4098
1894
2272
6426
8813
7317
1992
8357
603
2504
8664
6015
6012
1881
5200
3705
5881
9243
5900
5339
1809
4387
7719
7857
8258
9459
4874
1063
4708
9827
8626
6876
7983
1678
1328
4166
6972
2311
7161
5682
6233
6774
1966
9445
2246
5250
1814
8277
9021
2476
3655
3229
4095
6118
3811
641
2744
79
767
8446
6900
2701
9007
6509
764
9173
8173
868
6809
2905
7433
8152
6441
6783
8778
6212
782
7289
9539
7343
4660
1206
704
2348
9611
9605
4288
5347
3554
8210
1244
3064
4901
1886
7797
6165
6557
4447
3980
7465
3270
2737
9611
9772
5278
3383
5281
798
2488
4707
6075
5067
7008
7485
7102
3308
6314
9923
1760
6942
5379
3454
9414
3159
4953
1788
8168
1818
2374
1263
4241
5385
4040
5362
7139
322
9932
5267
2855
2183
8728
5330
8946
9454
536
7940
2131
3633
6191
9124
9976
9059
8032
5735
8833
817
2837
1770
4300
256
3788
5099
9183
4696
1170
4144
6005
492
2743
951
3535
341
2817
4971
28
907
3485
6656
8291
5167
816
8140
7693
4712
3099
850
4911
952
8861
7388
725
9018
2
5588
7851
9946
3306
8863
9333
848
660
4231
1070
1483
2121
1123
5165
7991
3477
3525
803
8458
7583
4432
2145
656
9898
3107
9063
3745
5221
4519
2135
3628
6253
9697
248
5779
5858
5332
6950
7122
8550
4934
9959
7532
8962
9517
5033
1653
2291
7750
2566
6758
3873
3554
4633
80
2544
8766
2811
5600
9568
2109
2646
9483
8319
260
9499
6598
9199
7137
9870
5685
8194
5033
4559
4222
2176
1981
9204
6649
3675
5880
7089
4166
7306
2952
8538
2603
3490
1158
9103
7193
1891
659
8230
218
1790
1602
8551
473
3732
3228
4336
3597
9242
51
8185
9763
3017
3767
6994
4008
4930
7823
9832
4336
1214
7781
7558
2598
9251
7424
9128
8288
9362
4606
6027
8845
7773
6878
5009
862
5687
3848
5376
6943
5860
3002
2970
513
8047
3807
4215
6357
2330
7262
6574
5206
8912
8013
2739
3876
7063
3407
4442
9513
4497
9617
5754
8073
7137
1549
5916
2459
858
4201
8035
8334
3571
3743
3493
8842
5319
7146
7527
4165
6810
8298
6424
8766
4133
2164
660
8233
9138
8281
2840
1031
6819
4736
4341
8930
2141
1411
8909
2146
6242
2003
6347
6351
9900
9929
2927
8003
501
6778
1175
8491
6995
7430
1977
9546
6609
5950
412
1178
3385
2735
3191
6288
3246
6607
4689
6682
5525
8515
2375
7848
5027
1690
2701
5909
4401
4186
1196
272
3453
4021
4025
2891
4395
823
5061
7327
3816
4863
9041
2458
8079
7032
8474
886
2788
5027
6578
6007
7117
8818
7519
4129
5953
4403
3053
5156
2360
5719
3758
5605
5571
5454
1698
7242
6885
9617
6802
7633
3278
1548
2933
4717
5704
2486
2374
1007
7402
8686
7101
9805
7898
7028
7545
6625
495
161
9951
9649
9765
9091
9708
5334
2298
6633
5350
9771
565
4168
8673
8196
9270
7224
4158
1416
7096
9294
7726
1549
2563
1302
4324
9967
9695
2108
6856
7004
8067
2983
4935
3055
7482
2708
7784
6503
3575
5210
1898
2899
7343
8223
841
6044
4677
6967
1807
6655
4756
1315
9463
8405
8453
1710
1292
7329
9632
2687
8448
9334
3631
9147
2393
7843
9293
2843
4406
6651
9454
9750
1024
7285
9000
6491
4875
4077
9823
2685
4636
9541
1055
1786
2932
1275
50
9626
9610
744
5745
7841
2134
1571
2391
4737
4682
7088
7361
8191
571
4648
8242
7951
1613
4149
9683
1199
3886
3802
232
1710
4120
3294
5613
5175
3194
1555
6895
1854
4304
3575
871
5765
3662
5750
2305
9979
5868
9914
9803
2658
1579
1152
8873
2587
5094
5928
421
2176
9732
1209
5827
4030
5289
6190
7443
6189
4156
8065
9056
6862
980
9315
1349
7952
1963
2357
5551
174
8628
1574
158
4217
3049
5001
2149
2125
4557
4129
176
7682
9409
3261
5
3378
2434
8058
4628
2226
4223
1497
8168
6158
5192
4623
6831
7606
6482
4338
1478
6111
7063
3639
7198
119
8698
9349
1755
1769
7144
5653
1626
521
8650
9417
7442
1420
8007
4150
3236
8503
7190
2111
1981
4035
4114
6895
6666
7082
1558
1651
2970
2833
3479
7890
2047
993
7233
5497
4014
5667
7609
3607
9015
5848
8210
1890
830
9458
3820
3621
4583
5699
4118
6151
1265
6816
292
3848
8201
7937
2780
8154
3471
1672
3930
3962
6581
1995
4659
1881
9300
5887
7046
5516
729
9795
4670
1052
5405
519
8005
9035
9154
8376
2467
6452
2937
8713
3364
2221
1792
2574
3223
6332
8248
7800
2178
691
2789
9448
2867
4521
7727
9730
9138
6151
1126
6960
8514
3100
4290
3551
9814
5885
632
2394
1488
2716
5544
2594
7380
8371
1379
9447
9644
717
4555
9157
3365
9330
4226
2653
118
7917
4484
2991
6032
1404
5313
8705
5777
2868
7986
591
6531
8670
5645
2991
5825
5841
7316
8303
554
7165
4343
1741
9630
6433
9674
3859
6101
5994
8561
110
8623
6585
1463
7913
1878
5840
5070
5867
2383
8088
3729
4393
6336
6050
4566
9257
907
1112
1167
1300
7225
9119
4351
1383
3170
9148
4217
6967
7912
9632
324
4814
2259
8929
5692
2502
439
9398
9490
7681
2177
5966
8995
2563
1649
7966
4374
1868
7362
3686
1326
9798
4692
2190
5247
9223
8827
6498
1422
3027
5456
983
8401
5602
2325
7033
6774
57
7670
610
1216
1464
4811
9433
9467
4848
1818
69
3521
2750
9113
1853
2325
4920
9697
5453
3340
4194
2574
1863
4523
9869
6211
9763
6428
3918
3306
2564
4906
6295
137
1673
3884
8516
3680
5725
7503
8003
3711
2828
9675
5281
1317
6386
8791
6653
4355
6497
4505
7836
2046
5966
5542
3576
3299
9321
6167
7701
5862
4952
8588
8706
8515
9087
1515
5368
2901
989
9521
1811
8948
8886
6889
7257
8457
9417
7610
3771
1614
7997
4970
1304
752
7181
4849
8360
5174
332
1912
572
3468
2839
2224
2432
6808
3446
863
9369
2445
863
6726
8193
1613
3207
8222
876
394
9397
9808
6710
8405
8949
9747
1403
536
2358
6736
8562
7759
4673
6098
839
8992
7942
7882
5667
2187
1157
318
7851
5021
2485
1105
3378
7327
9716
2382
8988
4923
188
7774
2656
4670
4142
5689
8280
2921
1902
8473
8
4018
7515
1354
7689
7623
297
6813
7121
9602
8941
1756
4337
6648
724
6520
3979
3612
3424
5005
7565
6529
3393
8424
8190
8316
6396
1119
8372
5191
9834
8062
8096
4226
8655
1058
1799
3381
3204
4446
2061
2416
7572
7051
7392
5331
8545
7773
5166
4329
9056
3824
9844
6111
4007
753
9541
1459
1761
8457
6435
4408
9036
84
8877
5557
1120
8224
5700
4685
8619
5009
4876
8889
9213
9441
9340
593
4286
5845
3841
4587
5159
9418
6677
3386
260
3118
2152
711
67
5180
3640
8861
4201
9295
6867
6702
1714
4519
5046
7283
9538
2330
6704
2673
4109
1425
1144
295
4976
2739
7415
3236
9306
4448
5860
3781
6634
8419
7995
8876
8422
1291
3817
2060
4549
9603
5862
2065
5322
5980
5983
4221
8365
5804
1342
8332
6295
5504
5401
5609
4667
4381
9348
8681
6892
4820
372
6245
9326
9956
306
2454
3837
3498
2231
3209
3300
803
8234
9922
8315
626
8835
1404
7552
8892
6219
4526
8528
2528
4547
7738
8802
5013
429
7679
81
4748
6538
5550
9476
6133
529
5961
5036
2125
633
215
3273
8804
5475
4741
3961
7229
2487
3990
2702
3598
5290
8571
5547
4647
5417
7390
1851
6816
5860
152
1422
3739
9210
7267
7888
1241
8348
2185
4328
5673
3889
139
6538
1034
8166
9822
8697
3409
479
9999
6189
6662
3359
2311
76
3161
5376
3290
6377
1970
3503
1594
1126
3014
1463
72
230
4149
8264
8186
9604
7297
1124
7576
186
4265
710
7745
7695
7459
3343
282
4863
9032
3262
1126
6216
24
8315
4258
5375
6287
2513
4183
8077
5616
502
9778
4666
3197
7496
64
52
7865
5749
483
3452
5860
5623
8434
477
5974
2522
3020
2058
6919
2587
1549
162
5210
7887
6809
9699
7178
8542
6437
2744
1357
5114
1509
9024
3461
4208
768
5517
3765
4457
3119
5429
2977
7053
3141
1113
622
3365
2681
8272
3560
6091
1198
1967
4066
2240
4435
3335
2248
3930
7798
1115
9233
5000
9140
1340
7393
7748
3836
9699
1290
6996
6305
9658
6002
3852
7934
4935
5183
643
6339
4134
9727
3872
4494
7330
4997
4226
2405
944
5741
4457
8368
537
6305
708
3828
6289
4436
2984
8425
7000
4827
5721
3037
7421
2652
6472
5809
9834
7390
2073
5281
4064
1296
5376
9745
4080
101
8648
2483
5138
333
9200
1557
102
7824
1666
7912
1349
2003
3952
4859
3090
2572
3357
5061
1699
5490
3414
4658
3142
8078
4491
3013
3026
9342
1854
5787
3275
4936
8503
3984
6961
1244
7073
8235
9414
7474
485
5204
9786
3666
6881
3223
6533
4162
7700
4816
5104
5514
9608
3861
384
6211
7085
3283
7632
6222
5470
817
282
9602
5554
6641
5985
2045
6354
6757
6494
1435
6994
9358
7846
2356
5485
4239
1300
1360
2641
3728
9416
1862
6244
7678
1371
2034
8226
736
6686
2420
9700
4421
6126
4357
5439
9801
8326
3733
8182
3287
2994
7280
8668
7799
5243
6191
1866
7912
4003
3370
5449
7769
175
5835
8877
9026
6412
3390
5711
624
9727
4916
1781
1805
4237
5623
8863
2493
6852
8200
5873
5428
6788
3860
8904
7270
4318
373
7787
679
8487
7909
4704
1136
6264
5501
1447
4643
8102
9355
471
1286
3257
8898
6451
1211
43
9339
5449
6176
255
4970
5383
4386
2011
6027
8986
8573
8851
4171
4516
2078
419
6899
2729
825
217
6495
599
4294
2157
8669
5711
7446
4830
4769
6340
836
8907
7286
7439
7543
3498
8686
7932
8420
9976
9530
1541
3056
7070
3285
4681
2898
4780
5226
4217
3927
4325
3415
9295
5824
3958
2905
3979
1686
7668
2022
4459
1645
3969
6298
518
1174
7947
5401
5669
6846
2017
1556
3102
9940
8787
3638
9039
8120
5237
8702
6516
287
8287
103
4517
9779
4132
9842
1422
8615
3133
293
8876
6024
3394
8685
3553
8591
2868
9487
3141
4388
1578
4157
7337
92
1317
3140
2680
5794
9938
369
4349
9764
8332
2292
8843
7188
3372
8876
1869
6287
1838
9170
2203
587
4817
2706
9221
8249
266
4884
5327
7706
9029
6153
7258
525
5882
8641
8730
4630
2840
1689
1609
4859
1393
5617
5047
3128
3713
1100
8092
3954
2619
3169
556
2920
9890
1550
5190
3542
2978
4268
7961
8883
8457
4269
7284
9931
8197
3570
7016
1847
5226
6521
3115
6055
8864
452
4700
3569
2567
6949
8302
3411
3912
9237
8148
6133
8986
7908
9959
3642
6910
9722
3463
9205
807
2620
635
3177
9673
9818
9286
680
1693
806
4265
7117
9198
6703
6143
5317
2403
8523
776
7639
4633
3075
534
5589
7757
6920
1966
3306
7491
515
1867
2467
4549
4266
6581
9419
9035
303
7640
2751
2676
6114
5237
4048
895
839
1874
854
3992
8530
7358
3841
3938
7039
789
7899
8317
1198
4156
4554
261
6027
8314
594
9863
8412
1124
6598
9136
6723
323
5486
755
8771
387
9413
2567
6528
9899
2890
9899
3903
6852
3910
487
9564
4215
7645
528
5035
9256
7325
8375
6598
9993
7844
3984
7781
4028
2254
5130
3403
5321
3595
6895
2029
7608
9375
8809
3037
5308
9091
3423
8741
6477
1050
6811
8880
6095
8110
7898
2578
6724
1064
3439
471
4363
9902
8324
8937
6451
5190
3262
8219
3216
4521
2347
8274
2872
6227
2203
6180
9595
3815
9417
8408
6733
8287
6148
8365
7042
9745
4526
1543
2292
4462
416
4196
8468
2628
3096
7372
6795
3459
5600
7719
6763
8076
6972
5240
9335
2564
2192
791
5611
153
2571
5533
7161
4220
3300
3368
9506
7244
4784
9006
142
5188
8573
3583
1416
4746
6415
2707
9880
7912
4436
9330
798
3703
9445
3186
7032
6487
9019
4811
6480
6956
8396
3639
917
7811
4321
8725
117
2450
389
6508
8468
8589
284
8124
2539
4660
9021
7841
7040
2762
6286
6945
3341
9088
7530
4197
8080
1280
8194
4900
9471
7254
4365
7146
6597
9480
3053
6919
1421
5063
6688
8868
2282
5565
9375
5969
7185
4982
8199
4570
4116
4540
961
7112
668
4634
9424
1635
2466
6802
1895
5413
3690
8810
5652
6298
6172
4080
7309
6948
272
3647
806
9738
6902
4010
8284
7888
79
1061
3536
8562
2155
5363
9427
3195
6288
7529
9627
1586
6515
9137
911
7155
9095
8908
6437
348
6527
1919
7445
990
9265
8078
762
867
1370
5638
5701
1679
9016
1811
2829
9038
1527
2706
5783
8381
9419
1553
477
9989
3959
1955
8926
6786
4856
2095
5795
1891
754
1672
9033
8266
8469
536
9280
674
5274
5573
3839
4736
1536
4549
9825
8625
3213
5374
3440
6531
899
9302
3628
7297
5906
5177
984
4118
9859
8505
9170
4179
9400
4992
6173
4811
8446
9697
8573
3963
3740
972
1726
3415
171
9424
8465
5344
3521
7738
9075
8353
7771
9212
828
457
8823
6313
7009
1955
4443
7965
6311
4864
5126
3002
1605
439
8033
9821
4276
7299
1218
4158
4470
2330
7965
5142
8144
8285
2438
1115
5365
8123
1655
7703
6528
7953
3434
9911
8685
5580
4277
9151
7365
5551
2720
7195
3813
4448
707
8576
4010
2684
6160
8448
2202
2315
7034
3228
8050
7182
5297
9765
1496
197
267
5307
9676
5005
5969
9798
2208
1142
9939
5475
161
7779
2649
9510
1872
155
6647
4222
7922
6092
7323
9430
3104
1039
3751
9239
764
1334
1717
4027
7873
8898
9196
3196
7461
1698
3150
1211
4398
3813
1467
4125
9165
6577
7958
463
9996
1948
2449
1531
1024
647
4471
6227
3403
4986
1686
3321
4113
7706
3400
8081
4948
3607
1292
4766
9998
3971
486
4761
6570
3773
4015
1969
5632
5979
5770
5516
2523
3862
2885
6251
3865
63
8008
5387
5230
1376
5517
6792
9461
2973
956
4844
4485
872
3617
325
6027
1316
524
1237
9882
3858
3893
1779
9548
5639
1194
5023
499
4335
3959
5474
7824
4986
9489
9347
2143
1460
1871
3590
8253
1091
5941
5488
1303
777
9294
4005
497
8153
9125
9186
3968
9623
4896
8967
7109
2232
1242
412
6806
3289
6252
1140
9562
4987
2695
6703
5328
6459
2080
8569
2285
3056
168
7040
160
7630
9623
5667
7748
23
4277
5093
577
8241
4069
9585
2015
9251
4798
7848
185
4585
1318
5797
7386
4407
5709
4226
9366
3113
2692
8900
3175
7593
1977
5424
6755
3146
160
4209
8342
9121
5759
6338
8738
9940
8582
6133
5807
6874
3545
3398
5104
4450
3787
8794
5012
6560
7209
689
8549
6338
7072
3258
1921
2145
2492
3062
9283
7474
5294
3860
4206
2636
2760
1340
7749
4500
3112
1799
2969
4948
9888
2043
9567
7034
5694
3781
765
1788
6333
6079
5586
9738
6518
9537
3055
460
8964
5427
4246
8250
4083
9296
9293
9610
8692
8839
3343
6772
5504
5339
2367
2386
7462
1963
8778
8643
9219
7595
6056
4814
5133
1809
8030
9572
6124
8444
1588
222
5269
5005
1726
1142
8117
2794
3977
6017
4902
6120
7204
5369
2929
742
1576
9561
8896
2537
1333
1938
7070
3153
1194
1355
14
2538
9936
2933
7445
5758
8340
1996
2197
6904
1408
2889
759
8324
3205
5652
7939
5554
7895
4967
4575
1050
3061
6302
1442
8569
6675
3275
5860
6425
9398
4038
5620
3583
283
9377
8613
5885
5220
3625
9478
2680
7120
1368
9229
1460
4598
1128
8415
5499
5966
4482
5646
6284
5964
7460
799
8224
8730
6353
9831
5672
5568
2163
7842
6419
3795
412
320
6764
7943
1353
9501
8655
8466
7207
6315
6092
5039
3264
4365
3972
9644
4270
8962
5264
7857
4912
4701
1778
8092
5498
2173
1107
4077
774
5630
459
1499
2441
8427
2431
594
2881
2637
8804
4634
8778
1269
7905
8021
7056
5266
1411
1876
5678
8560
9899
7622
3477
4557
2194
8511
520
3849
8572
2257
740
7321
4938
7065
1213
4200
8825
1272
8772
1547
4825
7996
9685
5743
9256
5835
2396
1490
6076
5260
5847
1962
2431
6562
6103
646
4756
4757
1344
2847
9193
2910
5568
1322
6949
3007
4188
4829
2656
2285
7814
875
9842
1772
8683
798
5267
757
424
768
5826
5734
2285
4454
8674
7654
4730
6170
5694
2899
6918
3651
7500
2522
2750
6579
8767
3619
1834
2381
5271
3190
7899
256
6596
1005
3041
709
520
8248
3689
9153
2554
4855
5268
4599
2566
9656
9474
8509
1873
8317
2941
8889
6475
4841
3731
361
381
6695
3067
8700
6066
2966
7208
143
8434
1381
6091
7032
6010
1159
2066
8169
3927
6371
2847
7425
2944
7468
4436
3941
180
4359
1178
7686
6600
6510
7457
2063
9427
4000
4210
4030
3605
6930
1856
9052
8321
1223
7405
4747
7516
2999
9656
9035
7790
4207
5443
1432
2581
852
67
7652
1736
4149
4882
7821
761
7261
7966
2426
6452
6754
6692
1575
6148
7245
4791
8218
9701
3222
4330
7026
5316
5035
3790
6860
1042
972
1284
6913
375
4151
4740
6415
5812
3035
3910
3905
3281
7435
270
8094
7461
4449
2725
9564
963
876
1970
382
3745
2999
8039
6545
5172
1639
3256
4607
8600
2481
486
926
7580
6918
298
1017
3850
9725
1501
8296
211
4779
7315
510
9209
6929
7961
2767
8454
2081
8020
7740
2794
2798
4584
3533
2562
4752
1338
4201
7651
7377
8093
757
5415
2983
5864
4055
1678
6990
6137
2613
4709
5745
6323
6511
708
2373
8483
7878
2241
595
129
4151
1251
2015
3985
5080
4529
9417
9960
1182
5640
9936
6828
7673
2123
3006
9157
1261
645
4836
7776
7533
4474
9714
1602
1493
9371
2323
2072
3876
1481
2451
2237
36
3488
3806
6342
2824
6533
8439
279
8258
3547
817
8680
3758
6014
7342
1714
8062
3410
3233
8356
8466
9814
3250
5794
8867
7954
2606
4620
1661
3600
9207
6637
3415
5559
9471
6666
2016
6113
9869
2746
4168
1135
4634
6197
9048
643
4299
2325
3327
6906
843
1129
3290
5660
4451
5849
2910
5196
1177
3
1381
6571
5347
3988
2691
3097
2438
5106
1668
6011
1856
1734
9685
8312
4397
8151
9851
4093
1274
1793
6579
2529
7076
9685
5959
2194
8284
6474
4250
9022
8345
1457
4561
654
5834
5334
8285
205
1911
6706
9609
8694
3970
2333
812
347
7504
321
5612
1474
462
8603
1456
4570
2721
6858
7583
5899
1998
1961
6170
5323
259
1817
8387
621
2800
7943
8841
3700
4357
5614
7921
1286
3066
3605
1698
4604
357
7001
7901
6789
4747
389
6280
3049
8630
6861
5141
1115
6127
5499
5187
6600
6537
800
8449
7453
490
1388
9802
117
8182
1657
3986
1775
4793
8466
7579
4782
9937
3969
5124
4506
870
2789
6287
5731
6487
6354
1438
9190
1923
5907
7977
3353
5760
1962
7278
512
8523
3800
6565
4418
4476
3129
2031
8453
7893
4614
6491
5861
4136
6782
3940
3204
9938
7614
2154
4540
3048
8861
6220
8128
6940
7397
4463
4512
8748
6699
9582
1899
9767
9184
7422
2399
1901
992
6636
5228
5778
4807
4661
886
7022
531
5585
681
7236
1237
4637
6567
8477
705
6772
781
33
4869
7130
9684
7809
8055
7749
1283
3699
8678
6360
1169
2107
1186
2157
9096
7363
2760
4318
1413
295
6678
7839
3020
1951
3117
9164
9609
2490
5012
3323
3537
4355
7640
8382
4071
9315
8737
4039
202
4499
4640
3896
6955
2123
8357
5046
3613
732
157
6937
8725
615
5945
8371
7825
6200
7370
7482
4869
7426
2504
2036
4496
9784
7073
6830
8861
4949
4350
8585
1446
2745
6785
5057
8290
9857
3899
1147
8175
1330
6587
1739
6955
7457
4641
2783
4124
7746
1648
5612
6080
4539
3201
1059
2958
644
4276
3519
8763
5341
4610
4893
4121
1851
7630
2697
3690
337
4746
7777
9522
5816
7877
2200
1562
9803
690
6745
7377
4593
7300
5206
5789
2743
8565
508
9343
5545
6294
4244
4181
8717
3297
5753
281
9037
5402
2417
7542
8719
6340
2539
6474
450
6415
5235
3239
6871
2143
8356
2100
7866
6841
267
5361
8699
1702
1859
9255
5374
6954
2755
7838
8427
7134
6640
7240
1042
8009
7424
9546
2959
813
3277
2299
9605
3518
7457
7301
395
3645
7172
1225
3856
4467
112
7551
2060
857
5869
555
4068
8916
990
5914
5353
1646
9526
2268
9790
3663
5928
6012
9733
5019
3003
3018
5285
133
1270
5673
7417
785
4541
6980
1656
6710
1208
6444
3932
18
7068
1869
513
4024
201
9167
6492
9461
7840
9447
6438
4321
2942
1053
8260
9984
5017
9689
2180
1480
869
6247
3558
5100
8708
1081
8068
4247
7144
6315
5920
6453
6918
5186
7689
6619
873
3150
3961
8423
2640
3375
7261
9426
6517
6003
4546
5633
4763
6637
9145
3547
8083
4834
6934
2517
6635
8204
1755
6553
180
9745
3324
3477
702
3278
6447
7040
8114
9245
4626
1207
4668
5975
5096
710
7427
2370
2577
1650
2950
3786
7141
1763
9876
4366
2541
6894
6136
7138
2895
2304
4575
2770
1620
280
1320
9574
1271
3499
2200
8432
6524
155
2886
2850
1802
7169
4233
3005
7014
6183
684
2917
7262
9762
3931
9648
815
8893
7422
5901
1140
6273
4207
8337
6155
6848
4120
1916
2421
2385
942
5050
7786
9141
1732
7350
7095
3928
9918
5065
9062
1635
5059
3568
5223
4799
4013
4636
3136
9012
9425
3858
5438
7375
2901
7874
4311
4194
4851
1349
1822
1397
6393
4128
8706
6074
1209
1334
3940
334
9428
105
4771
6539
5806
9344
5925
5947
1646
1621
4212
8647
6613
6725
4850
4158
8120
5498
1691
7921
7963
5046
6278
5707
4060
8693
4423
5133
3801
4725
3956
2887
4192
7042
178
2627
6993
8202
9899
5436
4865
3071
6814
5324
3150
5867
4068
6850
7354
461
9018
610
3318
5889
9024
8839
9420
8894
5341
7876
713
8937
6556
9160
261
9544
9815
5279
5200
9616
8062
885
459
2543
692
5125
8496
614
3447
9680
3408
8590
8474
5786
6887
7148
368
1854
8701
6511
2759
433
8443
3541
6335
196
6248
9677
6518
9171
1792
7624
1057
1482
9760
5545
4776
6471
4128
2859
1039
9627
8621
8322
2621
7051
6338
1097
3019
7379
3186
8571
6698
1337
2933
6125
5137
5791
8413
3544
2850
5538
5443
3316
3256
8032
9683
1360
8976
7446
4145
5743
1024
6391
3510
5724
888
697
8731
6382
2980
5594
2513
3654
9883
32
4986
3381
6023
5421
9191
9387
3825
865
1343
7802
3240
7626
9081
4697
206
5542
4551
2724
3199
7977
6239
5873
4991
650
262
9325
4063
3175
5947
8117
1212
3305
7726
4561
8132
7587
2059
1338
2997
7316
8887
156
8804
7724
5062
3831
6119
4347
8998
3456
9680
4660
8139
2404
5686
4176
136
2092
3505
2431
3607
4187
802
1466
9925
8869
4525
212
653
6586
6340
7295
639
7600
337
9450
6253
2223
3199
8312
3202
8277
6438
3164
4783
3418
2801
5472
3651
6686
8494
7861
3767
7982
1809
8789
8659
7925
9029
3108
2464
9935
9360
8805
6955
9721
7906
7465
7923
2036
9722
2578
9599
3161
7461
4629
2159
9078
7668
2590
5773
9446
152
9390
1999
6559
7469
7359
8653
8645
2416
6088
2201
7324
6591
4939
1056
2218
4699
5532
5931
9371
5788
8045
4066
6798
1858
84
7326
2045
7891
4254
265
442
6549
7484
2757
2324
2218
9772
1077
5529
1235
3603
9724
1205
8915
517
7056
6585
1601
4071
3355
2215
8345
6220
8542
970
7360
6188
1729
2306
5329
8947
7547
2413
8697
4005
9131
7281
4252
3343
3505
8085
6913
9625
3180
9472
5969
5687
7377
121
8119
7871
2292
6589
4101
7429
8423
351
8403
9169
3324
2954
3844
4834
2712
9202
2871
6012
1414
41
1478
6829
2020
7661
9279
1758
3886
6238
845
3845
534
5534
4322
4967
237
5281
3779
6906
8433
2771
5328
6456
5954
489
126
7487
6594
5631
8499
9638
185
2817
7838
6890
962
1045
1296
3831
998
2533
6347
5570
4659
9115
1957
275
2568
7606
8857
7088
1632
793
9914
148
2136
5938
8885
1022
6319
5783
3442
694
1033
5628
6662
6122
1055
82
8217
3127
1575
1545
8959
659
3164
1206
1173
3911
8538
9056
2345
8602
7720
6452
6502
4409
1202
5097
3003
9059
3361
9214
247
1696
26
7791
7236
6241
9760
4278
653
5154
6790
2013
3420
9692
3429
6994
2644
7912
7158
900
9352
6638
9885
8266
9575
5771
35
7827
4277
1665
2846
9224
1559
3736
4463
9325
1914
3778
6487
9430
6656
4940
9879
1590
3256
4641
7635
5139
3545
3177
226
9798
8043
1422
3780
446
5042
5471
3632
3636
1015
8477
489
1625
1093
6659
5453
2347
7389
9170
5322
7478
2183
4922
7533
1992
4613
9957
6616
2141
8101
4814
7823
1961
2132
3135
4096
8036
681
7400
4605
1855
1749
7931
646
8532
1061
9491
7399
9804
1105
117
3548
5899
693
2063
4797
6821
6057
4462
3162
4532
1870
283
2036
9905
264
9173
3269
6016
8531
8090
1693
4456
8387
782
250
1583
7868
2831
3907
4885
8170
7391
1457
1287
3710
4400
6235
6724
9782
4654
7388
1404
4248
7013
2195
6579
443
8548
4951
805
6433
6905
2629
8868
1013
1500
1143
3821
6013
6072
7075
5193
4236
9508
1485
8575
9703
6687
8714
8023
3505
4234
2498
9225
3878
9167
5505
8435
4177
4991
4330
8441
3290
5562
7768
7079
9423
9479
7363
9250
3101
5652
1195
3949
1707
791
9445
1864
7571
8178
9519
8690
6351
5173
7088
6175
1356
110
5681
8580
6493
4491
1331
7727
7119
4080
3611
3924
1716
5428
817
2819
4815
2598
4561
3125
4619
61
1691
7236
3863
6108
7965
7930
4466
7573
4315
6882
1999
8740
9672
2523
3909
8828
8772
8427
9654
6192
2498
1536
3274
3799
8261
6306
3703
5810
3782
7380
5903
5418
6021
8953
4598
6466
5993
2019
9951
5660
6661
6678
2386
8695
1450
347
972
710
5299
2545
2674
2124
3137
6622
9139
4163
8563
7348
762
3581
1633
3454
7917
6129
5797
6809
9061
1543
3079
5648
6554
815
7444
8143
4265
1419
3882
2425
1109
4092
6915
6053
56
9770
3659
4979
5028
8638
5727
3421
6107
6377
5636
4136
1703
4136
3345
6746
1719
8415
8363
7765
7862
5201
875
1633
5753
338
2269
6968
5237
9748
6936
187
2507
6061
7269
9523
5266
4474
3150
9905
9871
1517
2068
2022
1282
9953
7389
46
9888
7726
2632
6439
9561
4312
7790
2689
8134
7970
2311
8413
3601
5072
4422
2119
8832
378
3250
2032
415
5532
9986
404
4889
3562
5989
6219
4915
9137
7995
8363
7637
8121
1859
7402
9590
2822
8993
7073
7250
478
4203
3996
4555
901
1153
6269
4474
4515
5032
5713
8064
4456
6049
9259
1373
4038
2218
1548
8684
6796
1920
7460
1785
8963
6255
7025
6960
4768
5337
7158
9556
1514
1294
3048
8472
1750
4382
8514
7533
7391
904
2280
601
1713
8814
1848
7024
7556
6120
9612
8818
8069
4513
4892
4145
6128
8993
8977
1180
1626
1640
2420
7341
9051
2036
709
1164
3065
4352
2920
3822
6303
2745
2697
8974
4524
3421
7904
69
2920
8722
8976
921
2066
2961
1817
3152
7844
1261
9901
2095
8360
9236
5744
6739
6900
2032
3544
1611
6352
7722
436
8448
2936
9149
553
8722
2781
8562
1799
5985
1462
4477
2491
2405
133
7987
3454
6330
6308
7111
7834
5867
77
8704
3836
9497
6393
1143
5109
3801
3216
1170
9162
4808
9567
3865
9084
3067
1896
3474
8546
7831
2115
3485
7378
8313
8275
8526
5310
5668
8531
4642
8699
5973
6654
9343
5341
3876
3822
3389
6815
8153
9981
9947
1295
3497
8247
2288
1781
28
6417
1631
4883
6875
2082
694
8936
4811
4975
8611
6303
2065
5541
3202
6485
5617
7967
9912
1176
9319
7096
2037
2650
1777
6618
1210
453
9703
69
3255
9352
2008
4219
6623
4320
4946
7640
6043
3234
7006
6687
4551
9524
934
1887
9757
9739
8931
3444
4076
2559
7543
1674
6420
1771
7364
6397
3249
4993
5927
236
2546
4858
6709
9579
3781
1851
6944
8903
7937
8963
7141
4261
7839
7073
1334
7012
6805
2562
9951
3169
7264
456
2807
3144
414
7654
9029
3352
310
8056
9532
1328
6148
2367
8741
1413
213
3450
3447
7429
363
1920
774
7046
8461
1722
9909
6936
7455
1918
2137
6953
8233
1637
5899
6247
8054
6190
4089
480
604
8060
5627
4261
8066
6618
1629
3101
723
2527
653
4006
638
6765
611
1446
3831
755
9304
2527
2174
9570
260
9425
138
6284
8248
5130
7169
1976
9077
2232
9094
8642
2071
143
592
1616
5921
3830
4019
6704
9462
348
9854
9645
6449
9160
3648
2992
4082
526
9047
1970
1894
381
7271
9503
7857
53
1091
9079
3579
9366
6059
9167
756
643
882
228
4981
7062
1850
1423
2021
45
3134
3508
1956
1522
7676
1765
8424
9528
5710
1251
9505
3985
2244
7908
6315
8028
8383
4592
896
6460
7836
5493
3591
7620
4587
3659
5133
1327
4090
5762
1886
7868
1523
8871
5664
6342
6624
9062
3085
9665
3846
6057
267
4048
597
4702
5865
852
6058
4774
8408
6255
1470
4970
5827
199
2143
3688
2541
4502
2169
9676
9750
6573
7457
1866
9753
2617
2414
2103
6021
8878
9012
4167
1062
7216
3150
768
3775
2480
5399
6686
5703
4771
6006
8976
6797
8399
6708
9376
3497
542
1962
4256
208
6661
8219
5728
9395
6926
9676
2028
1333
7602
6668
9681
3911
7763
3076
7920
4194
1092
332
2539
2416
668
7798
4157
5160
4335
9212
8295
1444
2269
9745
724
9505
791
3798
5229
2594
1211
9324
8537
5520
4513
8129
1996
7538
3005
2473
5313
821
1445
2986
5762
4649
1613
3428
9572
744
8910
2363
2351
9300
9445
1139
4315
539
3047
966
3607
5177
482
6196
5826
3819
687
3544
156
1115
6676
147
7207
6253
7318
7224
4375
277
4075
3667
520
8194
653
6359
7071
3915
4667
3106
425
7221
6506
3647
5007
6286
1912
9591
8939
3977
353
5733
7236
1446
5610
517
7541
3901
3307
6648
4317
135
6474
4359
6527
9786
194
8945
8297
4895
1843
4484
9425
8785
7410
324
7803
3475
3857
5162
1544
926
2634
8347
105
4215
2644
4803
7617
1994
6840
6927
8200
7029
6574
2005
8828
2066
7568
1792
5057
2034
9776
4971
3609
2387
4949
5849
5183
7502
3553
7007
349
7007
6366
8543
8270
2194
1878
9698
1534
4870
3058
9905
7661
2625
1418
6943
7298
8832
9868
2966
6204
2393
7399
765
100
3087
5879
5955
7422
5777
1915
2876
127
5104
9553
5733
9992
5754
6500
8180
9200
3400
7212
4721
1136
5696
8804
9611
663
6040
7144
2072
6862
9768
3165
6077
6022
5754
9210
2390
6973
5505
8084
5107
784
3555
2712
3088
1946
3989
6274
4303
1819
4705
874
3427
3476
2838
3054
8044
8846
4125
6762
1626
5002
3795
5267
3871
4915
2472
4804
758
4416
1842
3648
3738
1397
3038
6038
6885
9801
1781
3939
6470
7523
5479
4721
2797
1805
9591
7740
5622
2123
6723
2485
15
5125
4974
1440
8024
7295
3627
4040
6278
7914
328
2147
7108
5475
8997
1280
6839
1529
9248
8572
3741
3132
9070
6068
4145
513
7687
5540
61
3490
2207
2830
7180
3826
8509
1335
1994
7054
9226
2379
8603
5551
2455
5552
3813
348
2267
9320
636
8797
7128
3265
4280
5242
8169
1095
7588
2609
2698
7736
6421
9591
9860
8744
9989
8949
1363
5899
9739
116
7398
1296
89
1044
1859
6845
4866
7797
1732
7060
7558
8393
1026
709
6827
8257
9260
4654
7961
4563
9700
5326
1234
9325
1574
6903
7629
6852
2598
7329
9614
3525
4901
4939
9347
7868
8368
4156
1661
4339
6933
8935
3737
9026
4178
9454
666
9989
9148
2878
5173
3979
5561
2600
9705
6554
6426
8687
4937
8784
4217
3437
4039
3141
6827
4272
7438
9468
3361
194
4284
2744
1761
1510
7194
1803
956
9006
6858
5962
2300
7018
1628
4396
8428
4090
5101
2369
5236
2069
9260
1744
3535
2594
394
4472
6282
2291
2046
9640
2172
4866
9138
5802
2701
6356
7453
5146
788
74
9726
3172
2976
5494
1377
9291
1139
346
8386
5798
5302
5532
3499
2086
4173
2021
4971
2114
1529
6729
7942
9123
9683
3314
6099
9675
9100
4933
8470
2432
4446
9190
1369
4311
1005
3654
4585
9548
2640
2602
5452
6093
8775
3960
4570
2662
2216
2315
4511
568
2265
3013
1787
2242
1900
8084
403
6673
6098
3773
6952
563
6413
7525
7505
2392
327
3503
9944
4593
6168
9807
127
8859
2136
9389
5213
2725
9234
1542
8904
9068
6896
7292
5920
7992
4489
8349
5814
2207
5940
5185
6952
9367
9495
4092
4442
9481
9552
1012
770
1729
8960
6429
8431
7282
1087
3600
1223
6886
4944
3818
4316
6851
9890
2544
1082
233
3647
9873
7248
2920
5717
8260
7833
3679
1854
6783
9958
6655
703
7305
5274
2638
5194
9912
4017
4631
2895
6516
4861
366
8614
1101
8286
4321
3762
8407
4477
1515
4754
947
6310
3602
1481
4586
4048
9104
6424
6850
8283
1838
4421
8115
6868
796
8587
3379
263
7262
6973
2925
8146
593
8216
6625
786
1003
8452
1253
8525
3167
5238
1784
4523
7152
6213
7783
993
5853
5319
3113
3435
6027
3496
1701
6070
5248
9159
7171
39
651
9148
288
5035
8866
2921
6283
2668
2099
733
812
7789
6331
2527
7301
5011
4021
8621
3280
9967
8971
2160
423
2892
8344
5435
4227
1362
686
5057
3740
1172
4178
3345
400
5372
6357
7935
4223
6417
7246
1008
2466
8354
1139
1617
4171
6338
1319
388
2728
5568
4877
344
7042
6225
7722
7123
3474
4492
9305
5855
8674
3106
8936
4255
6737
424
5711
2541
7328
5235
7057
4737
3370
2543
6699
3135
6689
3852
5849
606
6083
1237
2408
2737
1676
2990
8694
1235
1892
1897
4501
2788
5081
6693
6991
3642
7415
5605
6164
9670
404
792
1854
309
9657
9993
5717
8447
5130
6021
6687
4063
1846
3733
2063
9215
4841
999
5822
7312
6239
4333
1751
6691
4100
7874
3676
5063
183
1252
3191
2335
8221
9299
5371
8831
8417
164
9928
7827
7513
3682
6413
2252
372
82
5159
7512
15
9505
7656
1197
5479
6156
8627
5714
8776
5308
1332
7625
324
5884
9916
6989
2048
8008
2522
4836
9000
7684
3670
3921
5635
2390
934
9993
1009
2769
7539
8127
1680
8046
5542
766
1742
7401
3756
723
1353
134
4313
3573
6946
7631
9529
6450
9393
1115
5793
6327
5313
6428
3811
9211
6252
7812
2432
8425
2993
8229
5080
792
3297
3860
6686
8264
7802
6457
7751
8603
9339
6982
8977
9502
422
33
4735
5299
6339
7712
2050
2908
2977
896
2420
3238
3015
2338
1838
912
1113
1683
1866
6886
6630
486
178
2574
2878
8112
4839
1486
5937
9807
5054
6808
2675
2120
3765
244
8635
3740
7971
2312
2075
2806
2941
3014
2618
131
6324
722
3500
9055
3804
7871
4643
6696
2680
805
8735
6097
7281
2929
5601
1685
1878
4952
6861
9446
7996
9305
3485
6113
4950
4191
2867
4848
8305
1295
6151
6236
7142
6212
2174
5100
5858
6021
7643
6622
9907
1696
5871
753
5208
5557
5709
1325
9771
2066
4360
9424
9659
6918
5629
7077
7217
1363
749
7907
7012
8997
1155
5887
7064
7786
5716
511
1074
4829
2868
8445
5878
915
3652
3076
7361
945
1737
7993
3459
3784
7641
4649
3988
2319
1295
731
2135
1979
4174
34
2091
876
7937
6930
8174
3175
9409
9820
8621
1836
1088
8743
3383
9251
1474
1309
5359
6616
5595
5871
6992
2256
2195
1718
3211
4919
8326
8967
7355
888
9113
3346
6266
7240
7399
1624
4668
1919
9145
8150
1881
2756
3827
6354
5033
4451
5627
4609
759
8798
1221
5186
824
9726
6106
6027
9589
4596
5128
2286
6515
176
2834
919
3524
5277
3255
2373
5191
9927
8336
9714
8250
6282
9491
1889
1887
424
3557
5731
5645
7718
6060
758
2973
8517
1523
9355
5685
5448
5654
9890
5426
1606
3277
3364
7022
878
2118
1437
993
6754
9531
5284
8979
2066
4562
1352
6191
213
2995
8088
9652
2422
7908
975
5173
3961
9169
3563
7344
7177
3351
6681
460
6463
9631
7294
3259
5617
7848
5508
1871
388
3501
8575
4393
1135
5606
9883
2748
5391
3898
8996
4992
1648
2353
2545
3923
895
1112
590
7546
8985
3838
3045
5541
830
3915
6169
8128
4216
7537
5086
4277
1106
7626
9720
4543
3143
928
6894
6986
3689
7020
1067
7094
6122
2631
9073
3947
394
220
1274
9318
2989
7358
6956
6865
7448
2821
1144
9232
5288
9876
3312
1671
2703
1750
482
778
1453
8327
9574
845
8583
6239
3312
8650
8662
1145
3778
1840
3726
578
6001
7768
7321
6460
7233
6227
5712
7042
4432
5488
5397
9750
5133
8122
224
630
4803
1805
7892
7214
8597
2649
9821
6694
7688
6575
3945
3404
6855
7656
1008
9181
7831
1045
8865
5196
6152
3841
4602
725
9829
1235
851
3323
4856
1312
3176
4669
9069
7837
9810
4936
5041
1970
3201
6550
7238
8729
551
6196
3334
4918
4499
8593
7330
3249
9209
8962
646
3406
4699
306
3050
6686
9174
1239
519
4206
4300
80
9732
3949
5849
6538
6669
9420
7636
1874
495
1662
5492
196
2050
1150
4716
8994
931
863
8469
577
141
1262
3942
9822
3828
1941
194
8669
286
2601
9359
9089
525
578
5102
5192
3661
1563
5948
4318
5719
6479
3732
3986
7696
1556
8350
3077
4545
5476
2328
4990
1923
4149
2608
1003
6871
9226
9515
1587
2831
5795
3301
6870
1612
5808
6613
1349
1013
6035
6716
4494
7745
82
2763
7904
3170
3084
2782
5741
1630
5683
7896
4813
6907
8215
140
7279
9990
8708
661
1771
8943
1394
275
9458
9285
8570
1442
2695
2138
5432
665
9223
3730
4651
2428
5795
4062
2586
5103
4879
7455
4337
8999
962
2937
8649
6606
6894
6630
3333
6899
5338
7107
8632
5420
1914
2059
9988
5081
1056
6430
3422
5414
4348
7038
7901
1437
8351
726
9954
5845
8717
3240
2145
1371
6705
6609
3133
3435
9114
5562
2785
5387
5411
1118
4891
4980
6657
9203
8339
1486
4453
743
3017
9352
6017
4489
5245
9120
9751
5200
3464
6405
5197
2828
2152
9030
3293
7207
4984
6758
6041
5799
6478
7343
6428
7220
7213
5616
2987
4720
2155
5701
6234
7656
3549
6449
2123
1750
15
1307
7793
3951
1040
9282
3314
3840
6921
5965
7115
3632
2126
7460
8190
561
1997
6901
6359
7865
5124
9204
300
1064
3295
8914
1234
7525
4398
5864
316
7625
53
368
1903
8983
4670
8368
8385
8647
249
7253
8431
4510
1027
6536
3102
7404
5300
3279
3273
1217
210
6834
1673
7356
1812
4936
3491
7330
7297
5999
6186
1896
8854
7620
2630
6669
7910
7588
1981
3350
3339
880
3517
7527
6475
4326
7723
4571
2711
7986
9686
2817
7133
6545
1141
8291
4429
4525
8143
7075
920
5114
8953
3813
6580
8139
4681
4115
9372
7698
250
3057
4692
8195
9208
2878
3739
8835
8283
9987
6553
1698
7729
1227
4920
242
8516
3887
7519
9235
554
9213
2296
7469
1915
2388
8467
2393
9550
1247
5652
6029
7980
572
8920
1281
5446
9591
5493
8738
1233
6343
7999
755
9407
8421
1574
5179
4378
6277
1933
3248
9498
3859
6726
4941
6646
6523
2168
6642
7095
7844
8354
9801
3623
5034
218
8144
1161
2326
2078
7368
9922
8957
6252
4153
7540
1570
9917
160
8956
4648
5852
134
4850
7032
9108
7006
5709
7612
6935
6634
4009
8054
2443
5082
1008
3023
8414
4819
9925
2928
6651
5848
8689
8774
9541
9336
5572
4038
8368
9939
9293
3565
5967
2058
6645
98
2967
8898
885
5771
4579
7237
9480
809
3153
6741
7546
561
7785
5293
5296
8679
5294
5447
3506
8025
8797
4835
7939
6837
3219
6123
7601
1208
5739
7696
5816
7765
8996
7199
5329
7726
8624
1718
9495
9473
5305
5678
6298
2162
5871
5524
1452
4497
2157
5431
1929
3032
2201
9824
9428
356
7481
7193
3437
2061
99
2460
5599
9043
5757
1833
7717
8999
9700
9795
7404
1987
9160
9879
3715
9719
9395
6330
8943
1825
8602
9199
1483
7784
4300
2402
9565
885
5816
5043
580
3855
4652
9330
8013
6769
984
6307
3845
4250
5600
8846
9593
3889
4208
2759
5705
6803
2202
1205
7483
8763
1851
5088
3579
892
459
4796
5040
7550
8867
3341
8682
6386
2953
9285
8439
4676
2199
849
2102
156
2058
6733
3651
9953
2342
8831
6672
1851
167
9351
340
1363
9650
2641
7757
2617
474
5411
8242
386
8014
9689
5155
7292
5711
9515
1618
7487
4288
1896
9098
897
4534
8594
5421
7878
591
5045
524
5699
2719
8229
6592
2509
8773
4483
2406
8803
1164
6027
8166
4229
7901
3278
8996
4159
3474
1351
1967
7750
1925
827
8232
2541
9895
6194
3005
5060
3357
1213
5602
6366
8629
4035
2257
6686
2374
956
264
9341
7189
6793
6609
1995
1140
8077
9440
9136
5701
4092
8293
1101
7068
943
4881
7331
2642
5841
1413
5663
5990
7722
7925
7249
6526
5333
252
3960
4827
367
8650
157
8138
6239
3224
5528
8903
7068
5611
8930
4396
320
1735
7320
9544
1799
4411
7816
3850
6963
4298
6172
5148
2608
4586
3376
1565
31
5573
801
2583
7393
4461
6756
3839
3809
189
7728
4762
127
6538
8250
3052
4517
3512
8059
2572
8135
6809
4528
1828
3852
2688
2189
7797
6723
7476
3902
4935
1988
1056
6588
8173
1701
6615
4953
4999
9989
8580
9416
8753
7529
3920
1340
9337
7648
5229
6715
3406
2644
1551
3374
1972
3472
7018
3720
6051
2729
2567
4432
6943
6250
256
5885
2691
7424
9610
2462
9367
3534
6243
3955
8464
9822
6081
2363
390
2213
3306
8618
5121
9554
8033
3063
6444
8323
9006
4400
7004
8659
3047
5578
3626
1332
6314
6537
716
149
9117
8359
5106
4544
6284
8373
8587
2371
1281
5772
8088
5272
6914
7838
7176
2995
820
6830
8467
3480
5998
5561
5699
7079
840
2287
9772
9189
9826
7986
5483
3816
4097
3418
3212
9102
4500
4946
4534
9099
2901
1874
1634
2765
171
7130
1721
3613
8699
9480
2907
5989
2207
9783
6731
8808
1983
3060
8295
4002
3516
6366
7318
6078
1900
313
8091
5294
4591
7518
6534
5370
4928
5091
937
6264
7703
9906
4071
9700
6667
2505
5944
9372
4437
9150
9002
6827
9439
7101
4962
5936
6859
751
7024
3562
2593
2696
1760
658
3248
46
1437
9125
5798
1057
3664
2093
4475
4411
7174
347
9015
3573
9279
6850
6451
5827
851
1923
7069
1485
4991
1953
3045
4299
4173
2768
2612
2381
1634
8447
4925
1764
4880
335
3355
9120
6732
5455
8170
2743
8362
8662
5346
4095
6932
3196
5006
7336
9290
8644
9147
729
1363
7018
7516
197
6833
6533
9546
3626
162
9786
3640
5398
1155
8717
7220
1926
7008
3412
7594
1964
1975
2281
8643
220
3066
956
1130
4035
6098
1107
3871
4613
6769
4111
4517
3441
9840
5053
3398
3651
5223
4629
8118
8471
1803
5986
8756
2149
2673
4622
1741
9229
2385
6778
8011
143
3350
1543
9163
6007
5057
5460
8764
7460
4685
2052
6035
4724
5326
5179
4524
7550
611
5925
5851
3883
3546
3795
5616
6321
9330
642
3256
8062
1132
3658
6192
8493
2619
9745
3877
9320
3466
4089
7239
3787
5724
2013
3212
8256
2735
5347
4400
9421
3754
685
9546
6422
9541
8914
4826
7695
8664
9525
4191
4067
7164
7487
5525
9610
6205
7822
2779
9002
6689
2712
6243
3773
530
4541
2978
9003
3927
5001
8471
5204
6929
8979
7912
3132
4561
8566
8696
7955
6183
1785
4390
1904
6597
2316
8543
2617
2162
1009
5298
4082
7674
7573
7764
4032
8770
2698
1754
3848
6698
3298
68
9848
6763
522
4362
7602
7952
4881
6429
9729
7170
3267
5008
5225
5707
5350
4320
5391
2427
1792
2814
3938
6921
5395
5070
8197
8321
166
4248
3115
2572
4194
875
9005
1837
6614
9105
9178
7016
2215
6798
9020
3485
1319
6290
2467
3314
3440
3102
2896
2319
3822
8275
9424
5666
4390
5510
6595
6082
5351
6607
2376
9361
3516
8945
5879
1147
8730
4580
9754
5323
7244
6526
4665
5741
3273
608
7361
3694
9775
332
6304
8959
1774
3829
7999
8441
4371
1695
1948
5210
3407
3861
19
7997
1476
5017
9897
6200
6924
8853
8997
8751
1909
3377
5003
1046
941
9758
4486
4419
8677
8959
9314
7906
7205
5463
5523
738
4269
5597
8757
4108
483
8876
5105
4132
2574
5447
2424
329
3246
6954
6335
8342
8197
363
7111
1403
2006
9279
3192
4597
601
7498
2426
1546
1416
4590
2880
4289
7945
1972
9665
9949
2248
8441
7460
5771
2015
3439
1463
6225
5669
997
4092
758
4017
5601
3121
1456
3786
4329
8187
8169
8061
17
3470
2043
5945
4062
203
5562
922
105
9958
2193
3808
7087
642
5796
331
8774
4348
2452
4453
9178
6433
8386
3612
3286
1933
5003
7531
8926
1457
3009
7173
2696
4320
6058
5613
8299
1462
2817
2708
5823
2821
507
4736
4516
2670
404
1685
3135
7657
888
8066
7215
7696
4333
827
7614
4366
3549
1455
2291
735
5906
5541
1620
5764
2122
2840
1496
2887
4490
8284
1834
725
1055
75
762
6924
7967
1457
9214
530
5022
3312
9590
4655
6013
2449
4989
7225
125
9704
8427
9290
769
6690
1479
2080
9920
4510
6426
8225
2618
4229
6447
8632
9762
6455
5782
7984
5562
3860
9192
3324
9197
547
7716
993
5621
754
9304
6465
412
5595
7388
501
7168
1792
9160
2806
3040
5523
2005
8648
2051
6724
737
6035
1240
535
8668
6815
4167
5057
1584
7083
5862
3103
7901
5578
5432
2483
4562
907
6561
2556
8968
5524
1172
6049
2952
9898
2685
4890
765
5040
4714
5132
2212
5289
2116
5262
7632
4539
6940
9148
6394
9170
256
5320
7301
8494
4588
5127
5039
9643
3725
7567
4308
331
290
4267
5581
6418
1339
5001
5910
3981
1539
3809
7740
655
3418
354
3269
3674
6155
6954
9706
5127
3101
1265
367
5458
6228
2483
2916
5524
1047
4072
1812
5838
9628
130
3802
6128
2800
2355
35
5171
259
2200
1342
9049
1135
9637
8944
7951
5113
6718
2805
3163
4241
9360
9761
5272
7748
218
612
6812
897
91
971
4578
9464
73
8163
8280
269
7947
6265
8087
8172
5044
8413
3386
6775
7085
7157
5134
9531
6669
6270
293
7137
263
1405
6742
8832
2464
4243
4900
1615
5932
511
1529
2392
52
5821
2368
6360
7238
9164
8188
9956
1690
2925
6695
5157
6188
6680
187
2132
9498
489
2855
3344
795
5767
4975
5308
314
1909
3859
1222
2383
7138
5961
1634
2312
2443
2649
1157
713
9008
2358
3965
109
3075
6932
3022
4375
3916
1434
2135
7882
1834
6918
5155
1121
1525
7015
9836
6747
4735
1579
2858
9575
5913
2837
6344
5048
1761
762
3943
8614
3128
8489
4524
4609
5186
9045
4053
2530
8551
9776
6186
3679
4566
6725
9982
3371
3561
1586
8420
760
1924
8960
254
7146
1223
769
8080
4777
7987
7285
4883
9794
7785
1593
6
2715
6062
2205
9311
9553
7195
6431
6879
6288
1920
5721
5732
2590
2536
740
1048
628
3160
6248
3990
5066
5730
2241
4140
9838
2918
8559
7532
2977
3591
2986
5949
2094
8315
5232
7599
2968
8493
9149
8140
4798
4813
8326
1449
7358
6902
7506
5452
964
8544
3749
8727
4012
8972
5786
7730
5660
621
1644
1431
375
6870
5313
5863
6783
2126
4484
5834
2810
8928
5053
1028
6480
7839
1583
8946
4622
9191
974
2164
4314
2351
7003
405
3572
3130
5966
2981
9269
4924
7231
936
5479
3626
3217
7879
6977
9162
3451
1236
6845
1162
2083
2618
7303
2892
9449
1715
3140
3935
782
116
9261
1497
1744
8755
3767
208
7075
5977
3936
8136
7869
8593
8615
8630
8093
3680
5416
2931
6841
3391
1076
5645
5188
9092
6089
6551
2232
7279
9363
1617
2933
7056
6830
7010
6950
7206
5223
8129
3692
1585
1982
3508
5209
8537
9498
1583
8491
6936
985
7646
4356
6386
1458
7470
1106
9061
4217
7669
9743
7899
2062
9666
2183
7804
8691
1967
7697
2689
9016
8387
5085
755
4085
3396
1624
4290
9315
1097
2703
353
6199
7166
1774
2687
8204
7569
7907
5697
9084
3321
8659
2010
4683
3254
3880
4620
4608
3379
7991
824
704
712
6346
3618
521
3052
9774
2128
5224
8584
3483
4945
3671
4215
9035
7914
6823
2665
9465
7340
8533
4135
8056
1185
7372
9360
8845
2709
1800
2306
4202
5729
4834
8357
8903
2242
9709
2817
8559
2504
1787
5375
4020
1563
1052
1565
2800
4664
3381
8635
6586
4889
1737
8803
5633
9715
3223
5238
8520
6889
4383
2512
7550
7902
5538
4989
5881
3655
1413
534
6078
4190
2817
4212
9551
2883
8603
9845
8833
861
9467
2747
8473
7934
8347
9730
2931
1477
5006
7434
1407
1517
2826
2882
5560
7555
3955
9494
7778
9813
9126
8591
8848
2021
3934
7737
1295
5773
9703
962
626
3516
7597
9181
2602
6590
4095
2582
2178
4954
7878
7921
3413
5349
3612
5419
540
4261
6203
6850
3944
8784
8867
8609
1800
1954
1878
8531
4152
